id,Status_C,Status_CL,Status_D
7905,0.6622,0.0392,0.2986
7906,0.8264,0.0348,0.1388
7907,0.0765,0.0225,0.9011
7908,0.9007,0.0174,0.0819
7909,0.594,0.0532,0.3528
7910,0.919,0.0139,0.0671
7911,0.915,0.0143,0.0707
7912,0.4812,0.0416,0.4771
7913,0.0834,0.0286,0.8881
7914,0.3305,0.0337,0.6358
7915,0.5601,0.062,0.3779
7916,0.6935,0.0247,0.2818
7917,0.4096,0.0669,0.5235
7918,0.6758,0.0254,0.2989
7919,0.5662,0.0504,0.3834
7920,0.9018,0.0143,0.0839
7921,0.8868,0.021,0.0922
7922,0.0646,0.0167,0.9188
7923,0.897,0.0139,0.0891
7924,0.5846,0.0559,0.3595
7925,0.0883,0.0344,0.8773
7926,0.6567,0.0229,0.3204
7927,0.5197,0.0775,0.4028
7928,0.2166,0.0517,0.7318
7929,0.667,0.0465,0.2865
7930,0.2687,0.0815,0.6498
7931,0.7368,0.0261,0.2371
7932,0.3242,0.0436,0.6322
7933,0.6004,0.0342,0.3654
7934,0.9219,0.0128,0.0653
7935,0.9061,0.0146,0.0794
7936,0.883,0.0226,0.0944
7937,0.3894,0.0381,0.5724
7938,0.8952,0.016,0.0888
7939,0.5407,0.0636,0.3958
7940,0.7257,0.0682,0.206
7941,0.2445,0.0767,0.6788
7942,0.916,0.0152,0.0688
7943,0.0872,0.0183,0.8945
7944,0.9159,0.0134,0.0707
7945,0.9052,0.0127,0.0821
7946,0.8776,0.0223,0.1001
7947,0.6829,0.0235,0.2936
7948,0.346,0.0587,0.5953
7949,0.364,0.0774,0.5586
7950,0.7492,0.0297,0.2212
7951,0.5097,0.0581,0.4322
7952,0.326,0.0502,0.6238
7953,0.0285,0.0062,0.9654
7954,0.697,0.0272,0.2758
7955,0.4008,0.0487,0.5505
7956,0.1661,0.05,0.784
7957,0.9011,0.0182,0.0807
7958,0.1702,0.0437,0.7862
7959,0.6751,0.0448,0.2801
7960,0.4205,0.049,0.5305
7961,0.9019,0.017,0.0811
7962,0.5089,0.0331,0.4579
7963,0.3786,0.05,0.5714
7964,0.0691,0.0378,0.8931
7965,0.8772,0.0216,0.1012
7966,0.5654,0.0487,0.3859
7967,0.8646,0.0269,0.1084
7968,0.9124,0.0129,0.0747
7969,0.4965,0.0436,0.46
7970,0.9121,0.0127,0.0752
7971,0.9079,0.014,0.0782
7972,0.5396,0.0897,0.3708
7973,0.9157,0.0134,0.0709
7974,0.4838,0.082,0.4342
7975,0.7317,0.025,0.2433
7976,0.4476,0.0442,0.5082
7977,0.9096,0.0152,0.0751
7978,0.2321,0.0503,0.7176
7979,0.5458,0.0495,0.4046
7980,0.6853,0.0356,0.2791
7981,0.6367,0.0404,0.3229
7982,0.8905,0.0181,0.0913
7983,0.7397,0.0402,0.2201
7984,0.2872,0.0696,0.6432
7985,0.6038,0.0359,0.3603
7986,0.2264,0.0773,0.6963
7987,0.5197,0.0329,0.4474
7988,0.8373,0.0275,0.1352
7989,0.7705,0.0275,0.202
7990,0.2067,0.0168,0.7765
7991,0.2986,0.06,0.6414
7992,0.9125,0.0148,0.0727
7993,0.5841,0.0315,0.3845
7994,0.7972,0.0216,0.1812
7995,0.8291,0.0266,0.1443
7996,0.2445,0.0502,0.7052
7997,0.8656,0.0233,0.1111
7998,0.0116,0.0028,0.9857
7999,0.0062,0.0024,0.9914
8000,0.7504,0.0351,0.2145
8001,0.8659,0.0202,0.1139
8002,0.4362,0.0585,0.5053
8003,0.6988,0.0636,0.2376
8004,0.6246,0.0315,0.344
8005,0.6215,0.0345,0.3439
8006,0.7401,0.048,0.2119
8007,0.7418,0.0352,0.223
8008,0.9139,0.0149,0.0712
8009,0.6689,0.0338,0.2974
8010,0.8777,0.025,0.0973
8011,0.5168,0.0396,0.4436
8012,0.6989,0.0313,0.2698
8013,0.3617,0.0502,0.5881
8014,0.7154,0.0379,0.2467
8015,0.9178,0.013,0.0692
8016,0.9204,0.0145,0.0651
8017,0.6335,0.0229,0.3435
8018,0.5838,0.0385,0.3776
8019,0.9029,0.0172,0.0799
8020,0.6223,0.0448,0.3329
8021,0.2732,0.0426,0.6841
8022,0.2788,0.064,0.6572
8023,0.7182,0.0559,0.2259
8024,0.7403,0.0241,0.2356
8025,0.2881,0.0399,0.672
8026,0.9037,0.0167,0.0796
8027,0.9071,0.0156,0.0773
8028,0.259,0.0563,0.6847
8029,0.3876,0.082,0.5305
8030,0.7979,0.0196,0.1825
8031,0.8615,0.0279,0.1106
8032,0.8992,0.0131,0.0877
8033,0.3762,0.0986,0.5253
8034,0.7188,0.0438,0.2374
8035,0.9089,0.0153,0.0757
8036,0.9177,0.0176,0.0647
8037,0.371,0.0582,0.5708
8038,0.6991,0.0286,0.2723
8039,0.2283,0.0627,0.709
8040,0.6578,0.0608,0.2814
8041,0.4851,0.0558,0.4591
8042,0.1686,0.0551,0.7764
8043,0.8345,0.0179,0.1476
8044,0.1239,0.0334,0.8427
8045,0.3145,0.0515,0.634
8046,0.6716,0.0212,0.3071
8047,0.9009,0.0171,0.082
8048,0.8715,0.0243,0.1042
8049,0.5194,0.0598,0.4208
8050,0.6006,0.0258,0.3736
8051,0.385,0.086,0.529
8052,0.9212,0.0161,0.0627
8053,0.1528,0.047,0.8002
8054,0.8865,0.0167,0.0968
8055,0.5097,0.0409,0.4494
8056,0.7252,0.0355,0.2393
8057,0.8989,0.014,0.0871
8058,0.6588,0.0518,0.2895
8059,0.7642,0.039,0.1968
8060,0.2473,0.1025,0.6502
8061,0.4008,0.0695,0.5297
8062,0.4897,0.0595,0.4508
8063,0.9118,0.0165,0.0717
8064,0.0527,0.0326,0.9146
8065,0.8844,0.0243,0.0913
8066,0.9205,0.0166,0.0629
8067,0.2708,0.0519,0.6773
8068,0.762,0.0353,0.2027
8069,0.761,0.0342,0.2048
8070,0.9164,0.0136,0.07
8071,0.913,0.0142,0.0727
8072,0.9038,0.0176,0.0786
8073,0.9101,0.0156,0.0743
8074,0.666,0.0333,0.3007
8075,0.8685,0.0242,0.1073
8076,0.8907,0.0197,0.0896
8077,0.2446,0.065,0.6905
8078,0.3528,0.0708,0.5764
8079,0.7963,0.0273,0.1764
8080,0.8922,0.0148,0.0929
8081,0.8154,0.0238,0.1608
8082,0.6086,0.0483,0.3431
8083,0.2329,0.0699,0.6972
8084,0.2868,0.056,0.6572
8085,0.8933,0.0209,0.0857
8086,0.0232,0.0033,0.9735
8087,0.872,0.0258,0.1023
8088,0.6926,0.0272,0.2802
8089,0.6441,0.0469,0.3089
8090,0.0574,0.0311,0.9115
8091,0.9105,0.0144,0.0752
8092,0.064,0.0275,0.9085
8093,0.8317,0.0305,0.1378
8094,0.3428,0.0905,0.5667
8095,0.4733,0.0705,0.4562
8096,0.756,0.0287,0.2152
8097,0.346,0.043,0.611
8098,0.7853,0.0374,0.1773
8099,0.6593,0.0256,0.315
8100,0.1497,0.0359,0.8144
8101,0.6458,0.0323,0.322
8102,0.556,0.0426,0.4014
8103,0.6201,0.0748,0.305
8104,0.514,0.0495,0.4364
8105,0.1445,0.0346,0.8208
8106,0.9165,0.0134,0.0701
8107,0.1332,0.0491,0.8177
8108,0.9037,0.0194,0.0769
8109,0.726,0.0241,0.2499
8110,0.9016,0.0202,0.0783
8111,0.4962,0.071,0.4328
8112,0.5827,0.0367,0.3806
8113,0.0778,0.0372,0.885
8114,0.1724,0.0792,0.7484
8115,0.8581,0.0222,0.1197
8116,0.6463,0.043,0.3107
8117,0.3216,0.0557,0.6228
8118,0.6623,0.0687,0.2689
8119,0.5532,0.0502,0.3966
8120,0.8708,0.0187,0.1105
8121,0.6093,0.0568,0.3339
8122,0.9119,0.0167,0.0714
8123,0.9096,0.0158,0.0746
8124,0.3951,0.0636,0.5413
8125,0.7188,0.029,0.2522
8126,0.7496,0.0317,0.2187
8127,0.4245,0.0814,0.4942
8128,0.4764,0.063,0.4606
8129,0.9035,0.0204,0.0761
8130,0.4183,0.0544,0.5273
8131,0.2002,0.0577,0.742
8132,0.7753,0.0415,0.1833
8133,0.714,0.041,0.245
8134,0.7958,0.0407,0.1635
8135,0.0576,0.0281,0.9143
8136,0.1623,0.059,0.7787
8137,0.726,0.0338,0.2402
8138,0.2643,0.045,0.6907
8139,0.3223,0.0419,0.6358
8140,0.8354,0.0197,0.1449
8141,0.9179,0.0133,0.0688
8142,0.9102,0.0184,0.0714
8143,0.9183,0.0154,0.0664
8144,0.3526,0.0478,0.5996
8145,0.8873,0.0182,0.0945
8146,0.8842,0.0175,0.0983
8147,0.5599,0.064,0.3761
8148,0.8193,0.0202,0.1605
8149,0.7274,0.0309,0.2417
8150,0.9079,0.0159,0.0763
8151,0.4563,0.0536,0.4901
8152,0.902,0.0179,0.08
8153,0.7588,0.0369,0.2043
8154,0.7331,0.0319,0.2349
8155,0.367,0.0555,0.5775
8156,0.9198,0.0162,0.064
8157,0.6357,0.0354,0.3289
8158,0.9043,0.0199,0.0757
8159,0.5206,0.0397,0.4397
8160,0.6717,0.0301,0.2981
8161,0.837,0.0326,0.1304
8162,0.5016,0.0889,0.4095
8163,0.3391,0.0434,0.6175
8164,0.8645,0.0281,0.1074
8165,0.3389,0.0594,0.6016
8166,0.6689,0.0343,0.2967
8167,0.4141,0.0656,0.5202
8168,0.6539,0.0319,0.3142
8169,0.7139,0.0242,0.2619
8170,0.6161,0.0481,0.3358
8171,0.1237,0.0267,0.8496
8172,0.1937,0.0587,0.7476
8173,0.7071,0.0292,0.2637
8174,0.9172,0.0129,0.0698
8175,0.8731,0.0237,0.1032
8176,0.6136,0.0402,0.3462
8177,0.3666,0.0598,0.5737
8178,0.4794,0.06,0.4606
8179,0.6761,0.0403,0.2837
8180,0.6027,0.0848,0.3125
8181,0.3412,0.0476,0.6113
8182,0.9205,0.015,0.0644
8183,0.4741,0.0489,0.477
8184,0.6299,0.045,0.3251
8185,0.912,0.0185,0.0695
8186,0.7087,0.0388,0.2525
8187,0.3459,0.0711,0.583
8188,0.8799,0.0143,0.1058
8189,0.2692,0.0567,0.6741
8190,0.4004,0.1189,0.4807
8191,0.9002,0.0176,0.0822
8192,0.7507,0.0277,0.2216
8193,0.8974,0.015,0.0876
8194,0.8792,0.0239,0.0969
8195,0.9163,0.0134,0.0703
8196,0.886,0.0191,0.095
8197,0.7009,0.0303,0.2688
8198,0.6435,0.039,0.3175
8199,0.9006,0.0194,0.0801
8200,0.9019,0.0183,0.0798
8201,0.3923,0.0509,0.5568
8202,0.3894,0.0667,0.544
8203,0.8911,0.0179,0.091
8204,0.4208,0.0619,0.5173
8205,0.907,0.0131,0.0798
8206,0.421,0.0408,0.5382
8207,0.9038,0.0166,0.0796
8208,0.325,0.0692,0.6057
8209,0.422,0.0631,0.5149
8210,0.7663,0.0216,0.2121
8211,0.4525,0.0539,0.4937
8212,0.9155,0.0137,0.0708
8213,0.9071,0.0164,0.0765
8214,0.1214,0.0426,0.836
8215,0.8998,0.0211,0.0791
8216,0.7512,0.0282,0.2206
8217,0.7862,0.0332,0.1806
8218,0.2659,0.0566,0.6775
8219,0.6792,0.0419,0.2789
8220,0.9023,0.0174,0.0803
8221,0.5284,0.0402,0.4314
8222,0.4368,0.0446,0.5186
8223,0.7654,0.0499,0.1847
8224,0.5605,0.075,0.3645
8225,0.216,0.0714,0.7126
8226,0.031,0.01,0.959
8227,0.9148,0.0158,0.0694
8228,0.9054,0.0171,0.0775
8229,0.3817,0.0505,0.5677
8230,0.5519,0.0624,0.3858
8231,0.7094,0.0663,0.2242
8232,0.4607,0.0539,0.4855
8233,0.2117,0.0488,0.7396
8234,0.9173,0.0138,0.0689
8235,0.3802,0.0605,0.5593
8236,0.4343,0.0501,0.5156
8237,0.6671,0.0416,0.2913
8238,0.4903,0.038,0.4718
8239,0.2266,0.0692,0.7042
8240,0.8107,0.0369,0.1523
8241,0.1621,0.0417,0.7962
8242,0.844,0.0206,0.1355
8243,0.7516,0.0574,0.191
8244,0.921,0.012,0.067
8245,0.7308,0.0368,0.2323
8246,0.5164,0.0485,0.4351
8247,0.9122,0.0183,0.0696
8248,0.9157,0.0154,0.069
8249,0.8736,0.0191,0.1073
8250,0.9179,0.0178,0.0643
8251,0.6484,0.0284,0.3232
8252,0.7491,0.0335,0.2174
8253,0.8959,0.017,0.0872
8254,0.681,0.0311,0.2879
8255,0.607,0.0722,0.3208
8256,0.6186,0.0511,0.3304
8257,0.8728,0.0265,0.1007
8258,0.1489,0.033,0.8181
8259,0.1797,0.0525,0.7677
8260,0.902,0.0176,0.0804
8261,0.6988,0.0401,0.2612
8262,0.7196,0.0352,0.2452
8263,0.8609,0.0293,0.1098
8264,0.9138,0.013,0.0732
8265,0.8467,0.0301,0.1232
8266,0.0102,0.0034,0.9864
8267,0.7695,0.0278,0.2027
8268,0.862,0.0273,0.1107
8269,0.9026,0.0195,0.0779
8270,0.6781,0.0353,0.2866
8271,0.8576,0.0292,0.1132
8272,0.9171,0.0129,0.07
8273,0.6349,0.0405,0.3246
8274,0.8245,0.0326,0.1429
8275,0.2198,0.072,0.7082
8276,0.4398,0.0462,0.514
8277,0.7341,0.0265,0.2394
8278,0.7038,0.038,0.2582
8279,0.7765,0.0178,0.2057
8280,0.1084,0.0403,0.8512
8281,0.7787,0.0458,0.1756
8282,0.9185,0.0168,0.0648
8283,0.8986,0.0141,0.0873
8284,0.7305,0.025,0.2445
8285,0.2885,0.0557,0.6559
8286,0.923,0.0137,0.0633
8287,0.6853,0.033,0.2817
8288,0.9174,0.0132,0.0694
8289,0.5281,0.0375,0.4344
8290,0.347,0.0348,0.6182
8291,0.5687,0.0378,0.3935
8292,0.851,0.0244,0.1246
8293,0.9027,0.0133,0.084
8294,0.9079,0.0153,0.0767
8295,0.9143,0.0174,0.0683
8296,0.4983,0.0597,0.4419
8297,0.7296,0.03,0.2405
8298,0.9165,0.0148,0.0687
8299,0.7489,0.0313,0.2198
8300,0.8839,0.0208,0.0952
8301,0.5908,0.0444,0.3649
8302,0.3314,0.0551,0.6135
8303,0.7669,0.026,0.2071
8304,0.2216,0.0569,0.7215
8305,0.8841,0.0192,0.0967
8306,0.7017,0.0266,0.2717
8307,0.0805,0.0384,0.8811
8308,0.6422,0.0232,0.3346
8309,0.1912,0.0449,0.7638
8310,0.7074,0.0308,0.2618
8311,0.8744,0.0171,0.1085
8312,0.7837,0.0257,0.1906
8313,0.7365,0.0364,0.2271
8314,0.9152,0.0137,0.0711
8315,0.7148,0.0457,0.2395
8316,0.755,0.0344,0.2106
8317,0.7304,0.057,0.2126
8318,0.6327,0.0656,0.3016
8319,0.0144,0.008,0.9777
8320,0.9121,0.0159,0.072
8321,0.6012,0.0453,0.3535
8322,0.4748,0.0561,0.4691
8323,0.0093,0.0034,0.9872
8324,0.2338,0.042,0.7242
8325,0.9241,0.0157,0.0602
8326,0.9184,0.014,0.0676
8327,0.8977,0.0197,0.0826
8328,0.077,0.0308,0.8922
8329,0.8878,0.0212,0.091
8330,0.4557,0.051,0.4932
8331,0.9109,0.0172,0.0719
8332,0.4599,0.0756,0.4645
8333,0.8407,0.016,0.1433
8334,0.6937,0.0267,0.2796
8335,0.8894,0.0191,0.0915
8336,0.4914,0.0556,0.453
8337,0.5921,0.0394,0.3685
8338,0.9189,0.0161,0.065
8339,0.4122,0.0664,0.5215
8340,0.8941,0.0192,0.0867
8341,0.883,0.0215,0.0955
8342,0.9114,0.0178,0.0708
8343,0.8346,0.0219,0.1436
8344,0.169,0.0471,0.7839
8345,0.9068,0.0153,0.0779
8346,0.4047,0.0418,0.5535
8347,0.4821,0.0575,0.4605
8348,0.325,0.0476,0.6274
8349,0.9125,0.0171,0.0705
8350,0.862,0.0212,0.1168
8351,0.6925,0.0238,0.2837
8352,0.7909,0.0205,0.1886
8353,0.0483,0.0073,0.9444
8354,0.1759,0.0595,0.7646
8355,0.9194,0.0135,0.0671
8356,0.6631,0.0311,0.3058
8357,0.0898,0.0131,0.8972
8358,0.2404,0.064,0.6957
8359,0.9145,0.0168,0.0687
8360,0.872,0.0179,0.1101
8361,0.5788,0.0352,0.386
8362,0.7045,0.0367,0.2589
8363,0.4518,0.0332,0.515
8364,0.8666,0.0274,0.106
8365,0.7315,0.024,0.2445
8366,0.6863,0.0318,0.2819
8367,0.8464,0.03,0.1236
8368,0.8419,0.0212,0.1369
8369,0.5028,0.0408,0.4564
8370,0.8328,0.0219,0.1453
8371,0.8478,0.0229,0.1293
8372,0.0138,0.0058,0.9804
8373,0.1782,0.0563,0.7655
8374,0.5297,0.0419,0.4284
8375,0.921,0.0135,0.0655
8376,0.4073,0.0551,0.5376
8377,0.6162,0.069,0.3148
8378,0.8681,0.02,0.1119
8379,0.9205,0.016,0.0634
8380,0.8675,0.0178,0.1148
8381,0.9044,0.0194,0.0762
8382,0.782,0.0195,0.1985
8383,0.805,0.0235,0.1715
8384,0.9168,0.0132,0.07
8385,0.1772,0.0563,0.7664
8386,0.5757,0.0441,0.3802
8387,0.912,0.0145,0.0734
8388,0.6184,0.0304,0.3511
8389,0.5172,0.0554,0.4275
8390,0.182,0.0568,0.7613
8391,0.5839,0.0371,0.379
8392,0.7219,0.0381,0.24
8393,0.905,0.0191,0.0759
8394,0.6314,0.0606,0.308
8395,0.3682,0.0523,0.5795
8396,0.9017,0.0171,0.0813
8397,0.895,0.0136,0.0914
8398,0.9126,0.0157,0.0718
8399,0.874,0.023,0.103
8400,0.0229,0.0096,0.9675
8401,0.4324,0.0666,0.5011
8402,0.3569,0.0697,0.5734
8403,0.1793,0.0749,0.7457
8404,0.8729,0.0173,0.1098
8405,0.0893,0.0156,0.895
8406,0.7054,0.0274,0.2672
8407,0.9126,0.0146,0.0728
8408,0.6339,0.0263,0.3397
8409,0.1329,0.0403,0.8268
8410,0.4661,0.07,0.464
8411,0.8782,0.0185,0.1033
8412,0.1128,0.0312,0.856
8413,0.0233,0.0111,0.9656
8414,0.9149,0.0134,0.0717
8415,0.8164,0.0262,0.1573
8416,0.8847,0.018,0.0973
8417,0.5437,0.0408,0.4154
8418,0.8199,0.0297,0.1505
8419,0.2291,0.0581,0.7128
8420,0.6373,0.0268,0.3359
8421,0.332,0.0592,0.6088
8422,0.9155,0.0135,0.071
8423,0.6588,0.0331,0.3081
8424,0.7726,0.0479,0.1795
8425,0.615,0.0434,0.3416
8426,0.1999,0.0777,0.7224
8427,0.5047,0.0715,0.4238
8428,0.9229,0.0126,0.0645
8429,0.9179,0.0143,0.0678
8430,0.6769,0.046,0.2772
8431,0.3184,0.0387,0.6429
8432,0.6413,0.0601,0.2986
8433,0.6184,0.0453,0.3363
8434,0.1382,0.0461,0.8158
8435,0.8889,0.0194,0.0916
8436,0.5949,0.0392,0.3659
8437,0.2412,0.0512,0.7075
8438,0.8972,0.0209,0.0819
8439,0.6409,0.0643,0.2948
8440,0.6305,0.048,0.3215
8441,0.6181,0.023,0.3589
8442,0.8997,0.019,0.0813
8443,0.9112,0.0148,0.074
8444,0.8643,0.0264,0.1093
8445,0.9202,0.0163,0.0635
8446,0.6729,0.0216,0.3056
8447,0.2182,0.0648,0.717
8448,0.7409,0.0243,0.2348
8449,0.5085,0.0626,0.429
8450,0.6489,0.0381,0.3129
8451,0.7279,0.0286,0.2434
8452,0.9191,0.0134,0.0675
8453,0.6705,0.0311,0.2984
8454,0.6591,0.0364,0.3046
8455,0.5061,0.0576,0.4363
8456,0.618,0.0288,0.3532
8457,0.7641,0.0255,0.2104
8458,0.6459,0.0726,0.2815
8459,0.8901,0.022,0.0879
8460,0.9018,0.0181,0.0802
8461,0.2445,0.0517,0.7038
8462,0.9156,0.015,0.0694
8463,0.5952,0.0307,0.3742
8464,0.8981,0.0207,0.0811
8465,0.5058,0.0349,0.4594
8466,0.711,0.0316,0.2575
8467,0.9146,0.0134,0.0721
8468,0.3739,0.0552,0.5709
8469,0.2986,0.0474,0.6539
8470,0.6059,0.0403,0.3538
8471,0.9041,0.0165,0.0794
8472,0.8565,0.0251,0.1184
8473,0.9053,0.0199,0.0748
8474,0.8344,0.0319,0.1337
8475,0.3605,0.0635,0.576
8476,0.912,0.0154,0.0725
8477,0.6888,0.0545,0.2567
8478,0.7647,0.0301,0.2052
8479,0.8941,0.0174,0.0884
8480,0.8819,0.0208,0.0973
8481,0.9199,0.0163,0.0637
8482,0.4651,0.0472,0.4876
8483,0.0999,0.0351,0.865
8484,0.6899,0.026,0.2841
8485,0.9165,0.0156,0.0679
8486,0.2743,0.055,0.6708
8487,0.671,0.0401,0.2889
8488,0.782,0.0268,0.1912
8489,0.6416,0.0616,0.2969
8490,0.2865,0.0557,0.6578
8491,0.4109,0.0819,0.5072
8492,0.766,0.0293,0.2046
8493,0.7673,0.0213,0.2114
8494,0.7042,0.0401,0.2556
8495,0.5571,0.0556,0.3873
8496,0.8102,0.0282,0.1615
8497,0.9062,0.0136,0.0802
8498,0.2614,0.0534,0.6852
8499,0.7807,0.0253,0.1939
8500,0.7124,0.0399,0.2477
8501,0.7166,0.0301,0.2533
8502,0.2628,0.0478,0.6893
8503,0.6184,0.0382,0.3434
8504,0.324,0.0604,0.6157
8505,0.9144,0.015,0.0706
8506,0.9178,0.0133,0.0689
8507,0.691,0.0318,0.2772
8508,0.8623,0.0237,0.114
8509,0.8934,0.0179,0.0887
8510,0.6202,0.0475,0.3323
8511,0.8812,0.0235,0.0953
8512,0.3037,0.0555,0.6409
8513,0.5582,0.0786,0.3632
8514,0.2785,0.0486,0.6729
8515,0.7341,0.0264,0.2395
8516,0.3465,0.0802,0.5733
8517,0.5776,0.0523,0.3701
8518,0.6586,0.0748,0.2666
8519,0.4443,0.0523,0.5034
8520,0.9179,0.0164,0.0657
8521,0.796,0.0203,0.1837
8522,0.6153,0.0582,0.3265
8523,0.2438,0.0398,0.7163
8524,0.8764,0.0264,0.0971
8525,0.5141,0.034,0.452
8526,0.9157,0.0131,0.0713
8527,0.3967,0.0789,0.5244
8528,0.5282,0.0287,0.4431
8529,0.9181,0.0127,0.0692
8530,0.9096,0.0144,0.0761
8531,0.9017,0.0199,0.0783
8532,0.8049,0.0346,0.1605
8533,0.8781,0.0147,0.1073
8534,0.864,0.0247,0.1113
8535,0.7439,0.0321,0.224
8536,0.7318,0.0286,0.2396
8537,0.5515,0.0568,0.3918
8538,0.55,0.0386,0.4114
8539,0.6614,0.0477,0.2909
8540,0.7727,0.0211,0.2062
8541,0.4185,0.0845,0.4969
8542,0.9186,0.0164,0.065
8543,0.7083,0.0301,0.2616
8544,0.1349,0.0362,0.8289
8545,0.0463,0.0126,0.9411
8546,0.9158,0.0169,0.0674
8547,0.58,0.0481,0.3719
8548,0.8695,0.0243,0.1062
8549,0.7341,0.0295,0.2363
8550,0.9162,0.0156,0.0682
8551,0.5192,0.0385,0.4423
8552,0.6662,0.0318,0.302
8553,0.008,0.0032,0.9888
8554,0.223,0.0683,0.7086
8555,0.7406,0.0317,0.2277
8556,0.3583,0.0533,0.5884
8557,0.8958,0.0189,0.0853
8558,0.0675,0.014,0.9185
8559,0.4552,0.0372,0.5075
8560,0.9208,0.0156,0.0635
8561,0.683,0.0446,0.2724
8562,0.4832,0.065,0.4518
8563,0.5693,0.0442,0.3864
8564,0.8657,0.0173,0.117
8565,0.1679,0.0379,0.7942
8566,0.7671,0.0349,0.198
8567,0.9216,0.0132,0.0652
8568,0.7187,0.0294,0.2519
8569,0.7893,0.0283,0.1824
8570,0.6455,0.0364,0.3181
8571,0.2064,0.0637,0.7299
8572,0.1214,0.0345,0.8442
8573,0.1923,0.0535,0.7542
8574,0.5314,0.0636,0.405
8575,0.159,0.0465,0.7944
8576,0.0645,0.0281,0.9074
8577,0.8111,0.0235,0.1654
8578,0.9085,0.0151,0.0764
8579,0.9205,0.0143,0.0652
8580,0.5223,0.043,0.4347
8581,0.5443,0.039,0.4168
8582,0.6917,0.0368,0.2715
8583,0.8408,0.0318,0.1275
8584,0.1681,0.0376,0.7944
8585,0.8825,0.0217,0.0958
8586,0.75,0.032,0.218
8587,0.8737,0.0273,0.099
8588,0.5743,0.0347,0.3911
8589,0.9172,0.0139,0.0689
8590,0.2871,0.067,0.6459
8591,0.1011,0.0395,0.8594
8592,0.0298,0.006,0.9641
8593,0.1815,0.0396,0.7789
8594,0.7506,0.0265,0.2229
8595,0.6709,0.024,0.3052
8596,0.9064,0.0172,0.0764
8597,0.738,0.0308,0.2312
8598,0.4272,0.1074,0.4653
8599,0.7395,0.0292,0.2313
8600,0.9162,0.0137,0.0702
8601,0.9195,0.0149,0.0656
8602,0.7138,0.0229,0.2632
8603,0.4595,0.045,0.4955
8604,0.8855,0.0181,0.0963
8605,0.5884,0.0375,0.3742
8606,0.7178,0.0356,0.2466
8607,0.482,0.0679,0.4501
8608,0.2398,0.0761,0.6841
8609,0.4168,0.0469,0.5363
8610,0.918,0.0128,0.0692
8611,0.6413,0.0539,0.3048
8612,0.7642,0.0291,0.2067
8613,0.6466,0.0465,0.3069
8614,0.4106,0.0478,0.5415
8615,0.7375,0.0297,0.2328
8616,0.8014,0.029,0.1697
8617,0.4106,0.0576,0.5318
8618,0.7692,0.0351,0.1957
8619,0.7567,0.0366,0.2067
8620,0.9165,0.0139,0.0696
8621,0.7269,0.0223,0.2508
8622,0.0199,0.0116,0.9685
8623,0.5265,0.0579,0.4156
8624,0.4218,0.0543,0.5239
8625,0.7268,0.0321,0.2411
8626,0.8996,0.0136,0.0868
8627,0.7714,0.0329,0.1957
8628,0.6082,0.0573,0.3345
8629,0.8613,0.0275,0.1111
8630,0.4595,0.0826,0.4579
8631,0.609,0.0789,0.3121
8632,0.0247,0.0045,0.9708
8633,0.1452,0.0434,0.8115
8634,0.4484,0.0554,0.4962
8635,0.602,0.0354,0.3626
8636,0.7028,0.0275,0.2697
8637,0.6719,0.0228,0.3053
8638,0.9169,0.0168,0.0663
8639,0.7103,0.0318,0.2579
8640,0.5576,0.0334,0.409
8641,0.9121,0.0152,0.0727
8642,0.4333,0.0804,0.4863
8643,0.5989,0.0387,0.3624
8644,0.0061,0.0023,0.9916
8645,0.9102,0.0148,0.075
8646,0.4874,0.0633,0.4493
8647,0.667,0.021,0.312
8648,0.8527,0.0276,0.1197
8649,0.8853,0.0139,0.1008
8650,0.9156,0.0133,0.071
8651,0.3405,0.0519,0.6076
8652,0.7559,0.025,0.2191
8653,0.9083,0.0133,0.0784
8654,0.9149,0.0131,0.072
8655,0.5529,0.0444,0.4027
8656,0.9038,0.0166,0.0796
8657,0.6916,0.0361,0.2724
8658,0.6682,0.0379,0.2939
8659,0.7768,0.0259,0.1973
8660,0.1722,0.0461,0.7817
8661,0.8993,0.0184,0.0824
8662,0.1269,0.0501,0.823
8663,0.8635,0.0244,0.1121
8664,0.5904,0.0528,0.3568
8665,0.9174,0.0144,0.0682
8666,0.882,0.0231,0.0949
8667,0.9195,0.0141,0.0664
8668,0.2825,0.1286,0.5889
8669,0.1362,0.036,0.8278
8670,0.9139,0.0128,0.0733
8671,0.6869,0.0587,0.2545
8672,0.832,0.0322,0.1358
8673,0.8446,0.029,0.1264
8674,0.0676,0.0214,0.911
8675,0.6246,0.062,0.3134
8676,0.7068,0.0429,0.2503
8677,0.5259,0.0514,0.4227
8678,0.426,0.0685,0.5056
8679,0.0497,0.012,0.9384
8680,0.0231,0.006,0.9709
8681,0.1594,0.022,0.8186
8682,0.775,0.0298,0.1952
8683,0.0926,0.0292,0.8782
8684,0.8753,0.0191,0.1055
8685,0.6801,0.0403,0.2796
8686,0.9012,0.013,0.0858
8687,0.1563,0.0437,0.8
8688,0.8858,0.0208,0.0935
8689,0.592,0.0465,0.3614
8690,0.8907,0.0227,0.0867
8691,0.7218,0.0443,0.2339
8692,0.8417,0.0255,0.1328
8693,0.5882,0.037,0.3748
8694,0.9141,0.0135,0.0724
8695,0.7315,0.0395,0.229
8696,0.6688,0.0427,0.2885
8697,0.5241,0.041,0.4349
8698,0.1304,0.032,0.8376
8699,0.6488,0.0333,0.3179
8700,0.7232,0.0345,0.2422
8701,0.2792,0.0812,0.6396
8702,0.8785,0.0174,0.1041
8703,0.9136,0.014,0.0725
8704,0.6137,0.0604,0.3258
8705,0.8727,0.0283,0.099
8706,0.8998,0.018,0.0822
8707,0.8504,0.0231,0.1265
8708,0.8515,0.0239,0.1246
8709,0.7668,0.0311,0.2022
8710,0.4153,0.0703,0.5144
8711,0.5579,0.0637,0.3784
8712,0.5537,0.0425,0.4039
8713,0.6152,0.0668,0.3181
8714,0.6675,0.0243,0.3083
8715,0.8992,0.0133,0.0875
8716,0.9121,0.0129,0.075
8717,0.769,0.0258,0.2051
8718,0.582,0.0837,0.3343
8719,0.1875,0.0805,0.732
8720,0.7759,0.0477,0.1764
8721,0.7019,0.0434,0.2547
8722,0.7271,0.0232,0.2497
8723,0.6611,0.0259,0.313
8724,0.3762,0.0663,0.5575
8725,0.435,0.0577,0.5073
8726,0.9028,0.0171,0.0801
8727,0.427,0.0782,0.4948
8728,0.6721,0.0434,0.2845
8729,0.8907,0.0195,0.0899
8730,0.6619,0.0401,0.298
8731,0.9129,0.0145,0.0727
8732,0.0886,0.0263,0.8851
8733,0.9173,0.0132,0.0695
8734,0.5081,0.053,0.4389
8735,0.9193,0.0137,0.0669
8736,0.7199,0.0509,0.2291
8737,0.8149,0.0231,0.162
8738,0.7388,0.046,0.2152
8739,0.6741,0.0309,0.295
8740,0.9164,0.0134,0.0701
8741,0.4753,0.0484,0.4763
8742,0.5053,0.0684,0.4263
8743,0.6635,0.0328,0.3037
8744,0.9158,0.0139,0.0703
8745,0.2645,0.0403,0.6953
8746,0.6095,0.0559,0.3346
8747,0.1772,0.0476,0.7752
8748,0.7337,0.0255,0.2408
8749,0.3625,0.0477,0.5899
8750,0.7278,0.0319,0.2403
8751,0.5934,0.0463,0.3603
8752,0.9141,0.0175,0.0683
8753,0.9109,0.0155,0.0736
8754,0.6576,0.047,0.2955
8755,0.113,0.0388,0.8482
8756,0.525,0.0547,0.4203
8757,0.3383,0.0455,0.6163
8758,0.9214,0.0158,0.0629
8759,0.2072,0.048,0.7448
8760,0.9158,0.0152,0.069
8761,0.4331,0.0535,0.5133
8762,0.7027,0.035,0.2623
8763,0.9129,0.0132,0.0739
8764,0.5719,0.0474,0.3807
8765,0.4439,0.0771,0.479
8766,0.529,0.0519,0.4191
8767,0.365,0.0654,0.5696
8768,0.548,0.041,0.4111
8769,0.0105,0.0026,0.9869
8770,0.607,0.0884,0.3046
8771,0.4353,0.0763,0.4885
8772,0.9154,0.0172,0.0674
8773,0.8836,0.0209,0.0955
8774,0.8751,0.025,0.0999
8775,0.2767,0.1196,0.6037
8776,0.9178,0.0139,0.0683
8777,0.4646,0.0662,0.4692
8778,0.6808,0.0212,0.2979
8779,0.0436,0.0297,0.9268
8780,0.673,0.0377,0.2892
8781,0.2615,0.0685,0.67
8782,0.2762,0.0556,0.6682
8783,0.9184,0.0165,0.065
8784,0.8286,0.0327,0.1388
8785,0.5189,0.0781,0.4029
8786,0.1061,0.0221,0.8718
8787,0.7331,0.0296,0.2373
8788,0.0906,0.0403,0.8691
8789,0.477,0.0443,0.4787
8790,0.894,0.017,0.089
8791,0.6751,0.0453,0.2796
8792,0.1037,0.0358,0.8604
8793,0.6828,0.0232,0.294
8794,0.0222,0.0096,0.9682
8795,0.8602,0.0292,0.1106
8796,0.6026,0.0274,0.37
8797,0.9016,0.0172,0.0811
8798,0.5381,0.0743,0.3877
8799,0.1123,0.0349,0.8527
8800,0.8688,0.018,0.1132
8801,0.0933,0.052,0.8547
8802,0.6962,0.0306,0.2732
8803,0.1028,0.0201,0.8771
8804,0.7948,0.0258,0.1795
8805,0.4371,0.0724,0.4905
8806,0.8885,0.0174,0.0941
8807,0.4858,0.0561,0.4581
8808,0.1869,0.0649,0.7483
8809,0.4173,0.075,0.5077
8810,0.7225,0.0577,0.2198
8811,0.4898,0.0431,0.4671
8812,0.8971,0.0206,0.0823
8813,0.6792,0.0598,0.2609
8814,0.8497,0.0268,0.1235
8815,0.9159,0.014,0.0701
8816,0.9189,0.0162,0.0649
8817,0.8738,0.0243,0.1019
8818,0.4895,0.0506,0.4599
8819,0.5957,0.0633,0.3411
8820,0.5074,0.0635,0.4291
8821,0.6218,0.046,0.3322
8822,0.6275,0.0236,0.3489
8823,0.4743,0.0434,0.4822
8824,0.5409,0.0289,0.4301
8825,0.8283,0.0299,0.1419
8826,0.8429,0.0324,0.1246
8827,0.9133,0.0143,0.0724
8828,0.9115,0.0178,0.0707
8829,0.341,0.0614,0.5976
8830,0.6309,0.0253,0.3438
8831,0.2587,0.0532,0.6881
8832,0.3472,0.043,0.6097
8833,0.5393,0.0384,0.4224
8834,0.6808,0.038,0.2811
8835,0.8002,0.0198,0.18
8836,0.3228,0.0662,0.611
8837,0.6608,0.0345,0.3047
8838,0.4274,0.0582,0.5144
8839,0.8183,0.03,0.1517
8840,0.9193,0.0171,0.0636
8841,0.692,0.0288,0.2792
8842,0.704,0.0679,0.2281
8843,0.7116,0.038,0.2503
8844,0.4049,0.0503,0.5448
8845,0.4055,0.0724,0.522
8846,0.3245,0.0727,0.6028
8847,0.6068,0.0337,0.3596
8848,0.542,0.0636,0.3944
8849,0.9051,0.0158,0.0791
8850,0.0096,0.0052,0.9853
8851,0.3729,0.0517,0.5754
8852,0.8941,0.0191,0.0868
8853,0.3789,0.0572,0.5639
8854,0.6417,0.024,0.3343
8855,0.4288,0.0474,0.5238
8856,0.7473,0.0281,0.2245
8857,0.5628,0.0436,0.3937
8858,0.8864,0.0209,0.0927
8859,0.9037,0.0171,0.0791
8860,0.885,0.0132,0.1018
8861,0.8854,0.0175,0.0971
8862,0.0118,0.0035,0.9847
8863,0.868,0.0238,0.1082
8864,0.6092,0.0394,0.3513
8865,0.5174,0.0476,0.435
8866,0.1266,0.0664,0.807
8867,0.4386,0.0795,0.4819
8868,0.4442,0.057,0.4988
8869,0.4672,0.0495,0.4833
8870,0.648,0.0486,0.3034
8871,0.8996,0.0185,0.0818
8872,0.4223,0.0583,0.5193
8873,0.9072,0.0154,0.0774
8874,0.873,0.0263,0.1007
8875,0.5237,0.0401,0.4362
8876,0.7547,0.0348,0.2105
8877,0.6903,0.0428,0.2669
8878,0.5836,0.0397,0.3768
8879,0.3112,0.0569,0.6319
8880,0.5407,0.0642,0.3951
8881,0.913,0.0143,0.0727
8882,0.6909,0.0407,0.2684
8883,0.6555,0.0369,0.3076
8884,0.7146,0.0328,0.2526
8885,0.3023,0.0601,0.6376
8886,0.0669,0.0138,0.9192
8887,0.7224,0.0389,0.2387
8888,0.9128,0.0163,0.0709
8889,0.2518,0.0514,0.6968
8890,0.8937,0.018,0.0883
8891,0.6247,0.0421,0.3331
8892,0.3741,0.0676,0.5583
8893,0.7448,0.0399,0.2153
8894,0.4271,0.0666,0.5063
8895,0.7706,0.0385,0.1909
8896,0.6979,0.022,0.2801
8897,0.9145,0.0152,0.0703
8898,0.9107,0.0151,0.0742
8899,0.6827,0.0484,0.2689
8900,0.9025,0.0188,0.0787
8901,0.5483,0.0846,0.3672
8902,0.7668,0.0344,0.1988
8903,0.7461,0.0223,0.2316
8904,0.3792,0.0659,0.5549
8905,0.3462,0.0726,0.5811
8906,0.598,0.0339,0.3681
8907,0.9067,0.0161,0.0773
8908,0.897,0.0174,0.0856
8909,0.7277,0.0382,0.2341
8910,0.4644,0.0718,0.4638
8911,0.916,0.0132,0.0708
8912,0.665,0.0317,0.3033
8913,0.6124,0.0421,0.3455
8914,0.9023,0.0131,0.0846
8915,0.2663,0.0172,0.7165
8916,0.9165,0.0128,0.0707
8917,0.8378,0.0303,0.1318
8918,0.5998,0.0353,0.365
8919,0.9026,0.0168,0.0806
8920,0.913,0.0132,0.0739
8921,0.9079,0.014,0.078
8922,0.1446,0.0491,0.8063
8923,0.6589,0.0433,0.2978
8924,0.7481,0.0382,0.2137
8925,0.9172,0.013,0.0698
8926,0.7445,0.0366,0.219
8927,0.8843,0.017,0.0987
8928,0.8753,0.0152,0.1095
8929,0.8214,0.0382,0.1403
8930,0.7519,0.0291,0.219
8931,0.7363,0.0368,0.2269
8932,0.6035,0.0462,0.3503
8933,0.1937,0.0588,0.7475
8934,0.8923,0.0212,0.0865
8935,0.5898,0.046,0.3643
8936,0.4263,0.0676,0.5062
8937,0.7946,0.0358,0.1697
8938,0.2766,0.0631,0.6603
8939,0.7812,0.0292,0.1896
8940,0.6436,0.0359,0.3205
8941,0.7458,0.0503,0.2039
8942,0.3751,0.0597,0.5652
8943,0.9008,0.017,0.0823
8944,0.9137,0.0157,0.0705
8945,0.8578,0.0264,0.1157
8946,0.667,0.0562,0.2768
8947,0.3653,0.0604,0.5742
8948,0.8751,0.027,0.0979
8949,0.4862,0.0606,0.4533
8950,0.6588,0.0273,0.3139
8951,0.6801,0.0454,0.2745
8952,0.7623,0.0361,0.2016
8953,0.7769,0.041,0.182
8954,0.9213,0.0144,0.0644
8955,0.7123,0.0352,0.2525
8956,0.7699,0.0264,0.2037
8957,0.8813,0.0212,0.0974
8958,0.3652,0.0648,0.5699
8959,0.3885,0.058,0.5535
8960,0.3612,0.0894,0.5494
8961,0.4734,0.085,0.4416
8962,0.4366,0.0376,0.5259
8963,0.2558,0.0441,0.7001
8964,0.5117,0.0661,0.4222
8965,0.5622,0.0487,0.3891
8966,0.6518,0.0623,0.2859
8967,0.565,0.0356,0.3994
8968,0.452,0.0541,0.4939
8969,0.6501,0.0344,0.3155
8970,0.677,0.0307,0.2924
8971,0.4466,0.0502,0.5032
8972,0.4848,0.093,0.4222
8973,0.8925,0.015,0.0926
8974,0.3785,0.067,0.5545
8975,0.7427,0.0242,0.233
8976,0.9137,0.0154,0.0709
8977,0.5371,0.0853,0.3776
8978,0.9154,0.0154,0.0692
8979,0.8162,0.0403,0.1436
8980,0.2532,0.0492,0.6976
8981,0.1198,0.0564,0.8238
8982,0.8845,0.0219,0.0936
8983,0.9135,0.014,0.0725
8984,0.6076,0.0452,0.3472
8985,0.5101,0.0401,0.4498
8986,0.0551,0.0293,0.9156
8987,0.6751,0.044,0.281
8988,0.8663,0.0306,0.1031
8989,0.2339,0.0558,0.7103
8990,0.3702,0.0565,0.5733
8991,0.2017,0.0535,0.7448
8992,0.4566,0.1056,0.4379
8993,0.2312,0.0539,0.7149
8994,0.8755,0.0263,0.0983
8995,0.5313,0.0475,0.4212
8996,0.2243,0.0425,0.7332
8997,0.9182,0.0126,0.0692
8998,0.745,0.0257,0.2293
8999,0.9019,0.0147,0.0834
9000,0.7836,0.0277,0.1887
9001,0.6123,0.0443,0.3434
9002,0.879,0.0202,0.1009
9003,0.9007,0.0172,0.0821
9004,0.6589,0.0398,0.3013
9005,0.4986,0.0706,0.4308
9006,0.5367,0.0558,0.4075
9007,0.7791,0.0263,0.1946
9008,0.8876,0.0214,0.091
9009,0.5346,0.0556,0.4097
9010,0.7142,0.0355,0.2503
9011,0.9098,0.0153,0.0749
9012,0.9169,0.0136,0.0696
9013,0.8438,0.0228,0.1334
9014,0.8992,0.0162,0.0846
9015,0.713,0.0319,0.2551
9016,0.9121,0.0168,0.071
9017,0.8296,0.0242,0.1463
9018,0.7043,0.0704,0.2253
9019,0.8473,0.024,0.1288
9020,0.309,0.0398,0.6511
9021,0.8801,0.0257,0.0942
9022,0.8893,0.0211,0.0896
9023,0.8417,0.0308,0.1275
9024,0.5413,0.0699,0.3887
9025,0.5616,0.0592,0.3791
9026,0.2865,0.0447,0.6688
9027,0.7353,0.0297,0.2349
9028,0.8861,0.0223,0.0916
9029,0.6847,0.0337,0.2816
9030,0.6633,0.0338,0.3029
9031,0.6961,0.0359,0.2681
9032,0.9021,0.0174,0.0805
9033,0.9039,0.0142,0.0819
9034,0.9228,0.0155,0.0616
9035,0.6051,0.0291,0.3657
9036,0.6863,0.0327,0.281
9037,0.1548,0.026,0.8193
9038,0.0852,0.0288,0.8861
9039,0.4388,0.0934,0.4678
9040,0.4935,0.052,0.4544
9041,0.8031,0.0292,0.1677
9042,0.7057,0.0232,0.2711
9043,0.9172,0.0137,0.0692
9044,0.4194,0.0594,0.5212
9045,0.9149,0.0158,0.0692
9046,0.4697,0.0677,0.4626
9047,0.8956,0.0195,0.0849
9048,0.755,0.0289,0.2161
9049,0.8667,0.0271,0.1062
9050,0.777,0.019,0.204
9051,0.5224,0.0764,0.4012
9052,0.7984,0.0277,0.1739
9053,0.6803,0.0367,0.2829
9054,0.7315,0.0313,0.2371
9055,0.9164,0.0133,0.0703
9056,0.5957,0.0379,0.3664
9057,0.8912,0.0227,0.0861
9058,0.4628,0.077,0.4602
9059,0.7686,0.0277,0.2037
9060,0.9108,0.0148,0.0744
9061,0.2032,0.055,0.7417
9062,0.5048,0.0565,0.4388
9063,0.9026,0.0197,0.0777
9064,0.3761,0.0858,0.5381
9065,0.1005,0.0205,0.879
9066,0.488,0.057,0.455
9067,0.8174,0.0293,0.1533
9068,0.9055,0.0164,0.0781
9069,0.7824,0.0261,0.1915
9070,0.7349,0.0309,0.2343
9071,0.4731,0.0596,0.4673
9072,0.1547,0.0478,0.7975
9073,0.4158,0.0621,0.522
9074,0.9121,0.0179,0.07
9075,0.4018,0.049,0.5493
9076,0.0072,0.0024,0.9904
9077,0.3229,0.0563,0.6208
9078,0.9,0.0182,0.0817
9079,0.8818,0.0215,0.0967
9080,0.1599,0.0538,0.7863
9081,0.9129,0.0135,0.0735
9082,0.6512,0.0282,0.3207
9083,0.0293,0.0096,0.9612
9084,0.7143,0.0424,0.2432
9085,0.6412,0.065,0.2938
9086,0.9083,0.014,0.0777
9087,0.2536,0.0642,0.6822
9088,0.9089,0.0166,0.0745
9089,0.8881,0.0214,0.0905
9090,0.5264,0.0811,0.3924
9091,0.9176,0.0127,0.0696
9092,0.4299,0.0416,0.5286
9093,0.8959,0.0178,0.0863
9094,0.8846,0.0219,0.0935
9095,0.1632,0.0527,0.784
9096,0.8494,0.0303,0.1203
9097,0.8588,0.0174,0.1238
9098,0.2016,0.0456,0.7528
9099,0.6211,0.084,0.295
9100,0.324,0.0604,0.6157
9101,0.1095,0.0403,0.8502
9102,0.7185,0.0371,0.2445
9103,0.8943,0.0182,0.0875
9104,0.8044,0.0427,0.1529
9105,0.6608,0.0436,0.2955
9106,0.9143,0.0147,0.0711
9107,0.4305,0.0758,0.4937
9108,0.6113,0.047,0.3416
9109,0.7589,0.0414,0.1996
9110,0.5177,0.0464,0.4359
9111,0.9017,0.0177,0.0806
9112,0.7245,0.0219,0.2536
9113,0.9,0.0156,0.0844
9114,0.5894,0.0323,0.3782
9115,0.7113,0.0249,0.2639
9116,0.9181,0.0131,0.0688
9117,0.2415,0.1065,0.6519
9118,0.9122,0.0145,0.0733
9119,0.3907,0.0621,0.5472
9120,0.8958,0.0175,0.0868
9121,0.373,0.0454,0.5816
9122,0.4767,0.07,0.4533
9123,0.9175,0.0138,0.0687
9124,0.5582,0.0456,0.3961
9125,0.4724,0.0523,0.4753
9126,0.2382,0.0205,0.7413
9127,0.9018,0.0201,0.0781
9128,0.8146,0.0231,0.1623
9129,0.7963,0.032,0.1717
9130,0.6827,0.0331,0.2842
9131,0.5623,0.0325,0.4052
9132,0.1934,0.0627,0.744
9133,0.2997,0.0441,0.6561
9134,0.9204,0.0145,0.0651
9135,0.9189,0.0135,0.0676
9136,0.9132,0.017,0.0698
9137,0.827,0.0215,0.1515
9138,0.9079,0.0156,0.0766
9139,0.733,0.0377,0.2293
9140,0.4832,0.0785,0.4383
9141,0.4233,0.05,0.5267
9142,0.8858,0.0132,0.101
9143,0.8864,0.0217,0.0919
9144,0.8924,0.0208,0.0869
9145,0.2487,0.0524,0.699
9146,0.9136,0.015,0.0714
9147,0.9211,0.0143,0.0646
9148,0.8754,0.0163,0.1084
9149,0.901,0.0172,0.0819
9150,0.7454,0.0324,0.2222
9151,0.6604,0.048,0.2916
9152,0.4183,0.048,0.5337
9153,0.8999,0.0137,0.0864
9154,0.5559,0.0644,0.3797
9155,0.7217,0.0314,0.2469
9156,0.8182,0.0435,0.1383
9157,0.6833,0.0262,0.2905
9158,0.9169,0.0131,0.07
9159,0.9027,0.021,0.0763
9160,0.6729,0.0315,0.2956
9161,0.6702,0.0357,0.2942
9162,0.1307,0.0238,0.8455
9163,0.306,0.0517,0.6423
9164,0.2006,0.0552,0.7442
9165,0.3715,0.0704,0.5581
9166,0.9179,0.0133,0.0688
9167,0.9131,0.0146,0.0723
9168,0.5304,0.0602,0.4095
9169,0.9213,0.0157,0.063
9170,0.4325,0.0745,0.4929
9171,0.197,0.0559,0.7471
9172,0.9138,0.014,0.0721
9173,0.7374,0.0284,0.2343
9174,0.7548,0.045,0.2001
9175,0.7314,0.0257,0.2429
9176,0.8837,0.0241,0.0922
9177,0.7317,0.0309,0.2375
9178,0.4211,0.0645,0.5144
9179,0.878,0.0152,0.1068
9180,0.2221,0.06,0.718
9181,0.878,0.0231,0.0989
9182,0.2308,0.0455,0.7236
9183,0.8339,0.0216,0.1445
9184,0.4787,0.0568,0.4645
9185,0.5707,0.068,0.3613
9186,0.2483,0.0703,0.6814
9187,0.476,0.0545,0.4695
9188,0.6887,0.0318,0.2795
9189,0.6972,0.0694,0.2334
9190,0.7373,0.0273,0.2354
9191,0.9142,0.0141,0.0717
9192,0.9015,0.0176,0.0809
9193,0.2762,0.0717,0.6521
9194,0.8734,0.0256,0.1009
9195,0.6238,0.0441,0.3321
9196,0.9102,0.0174,0.0725
9197,0.7201,0.0579,0.222
9198,0.0217,0.01,0.9684
9199,0.1796,0.0452,0.7752
9200,0.9105,0.0171,0.0724
9201,0.4582,0.05,0.4918
9202,0.4438,0.0514,0.5048
9203,0.8594,0.0195,0.1211
9204,0.4666,0.0714,0.462
9205,0.9133,0.0164,0.0702
9206,0.4384,0.072,0.4896
9207,0.8519,0.0239,0.1242
9208,0.3782,0.0708,0.551
9209,0.7138,0.0377,0.2485
9210,0.1329,0.0403,0.8268
9211,0.5764,0.041,0.3826
9212,0.4692,0.0526,0.4782
9213,0.9086,0.0191,0.0723
9214,0.576,0.0764,0.3475
9215,0.7847,0.0332,0.1821
9216,0.9118,0.0179,0.0703
9217,0.9126,0.0144,0.073
9218,0.3756,0.0347,0.5898
9219,0.8986,0.0178,0.0835
9220,0.6102,0.0768,0.313
9221,0.7828,0.0454,0.1718
9222,0.5598,0.0553,0.3849
9223,0.2194,0.0535,0.7271
9224,0.9068,0.014,0.0792
9225,0.0513,0.0294,0.9193
9226,0.9174,0.0137,0.0689
9227,0.4554,0.0552,0.4894
9228,0.2877,0.0509,0.6614
9229,0.8122,0.0391,0.1486
9230,0.0826,0.0155,0.9018
9231,0.7462,0.0303,0.2235
9232,0.2112,0.0496,0.7392
9233,0.8027,0.0358,0.1615
9234,0.8978,0.0158,0.0864
9235,0.6872,0.0207,0.2921
9236,0.6541,0.049,0.2969
9237,0.6443,0.0472,0.3086
9238,0.0649,0.0174,0.9177
9239,0.9181,0.0145,0.0673
9240,0.0194,0.0083,0.9723
9241,0.1665,0.0165,0.8169
9242,0.7076,0.0264,0.266
9243,0.7118,0.0281,0.2601
9244,0.1773,0.0423,0.7805
9245,0.8993,0.0209,0.0798
9246,0.3263,0.0394,0.6343
9247,0.8934,0.0225,0.0841
9248,0.8519,0.0294,0.1187
9249,0.5366,0.0785,0.3849
9250,0.9113,0.0145,0.0742
9251,0.8917,0.0213,0.087
9252,0.6289,0.0515,0.3196
9253,0.073,0.0326,0.8944
9254,0.7035,0.0359,0.2606
9255,0.1828,0.0507,0.7665
9256,0.7134,0.0211,0.2654
9257,0.8929,0.0186,0.0885
9258,0.4073,0.0414,0.5513
9259,0.7826,0.0465,0.1708
9260,0.9177,0.013,0.0693
9261,0.3029,0.0382,0.6589
9262,0.9132,0.0143,0.0724
9263,0.9183,0.0127,0.0691
9264,0.1951,0.0235,0.7814
9265,0.7742,0.0252,0.2006
9266,0.9148,0.0137,0.0714
9267,0.9166,0.0137,0.0697
9268,0.6159,0.0407,0.3434
9269,0.784,0.0392,0.1768
9270,0.7419,0.0288,0.2293
9271,0.0836,0.036,0.8803
9272,0.8968,0.0169,0.0863
9273,0.9159,0.0171,0.067
9274,0.8752,0.0174,0.1074
9275,0.5194,0.0834,0.3972
9276,0.874,0.0259,0.1001
9277,0.9167,0.0165,0.0668
9278,0.1386,0.0552,0.8062
9279,0.426,0.057,0.517
9280,0.6107,0.0595,0.3298
9281,0.8258,0.0246,0.1497
9282,0.5604,0.0691,0.3705
9283,0.7281,0.0233,0.2487
9284,0.8899,0.0217,0.0884
9285,0.8885,0.0197,0.0918
9286,0.4278,0.0562,0.516
9287,0.8984,0.0193,0.0823
9288,0.5795,0.0585,0.3619
9289,0.6064,0.0631,0.3304
9290,0.7543,0.0457,0.2
9291,0.8945,0.0184,0.0871
9292,0.6303,0.0575,0.3122
9293,0.6518,0.0539,0.2943
9294,0.9167,0.015,0.0683
9295,0.5702,0.0441,0.3856
9296,0.5779,0.0378,0.3844
9297,0.8369,0.0243,0.1388
9298,0.581,0.0441,0.3749
9299,0.9042,0.0125,0.0833
9300,0.3439,0.0623,0.5938
9301,0.6608,0.076,0.2632
9302,0.633,0.0709,0.2961
9303,0.8447,0.0239,0.1313
9304,0.7879,0.0197,0.1924
9305,0.8823,0.0233,0.0944
9306,0.4188,0.0594,0.5218
9307,0.0571,0.0292,0.9137
9308,0.5715,0.0437,0.3848
9309,0.8754,0.0261,0.0985
9310,0.9149,0.0147,0.0704
9311,0.8796,0.0208,0.0996
9312,0.436,0.0672,0.4968
9313,0.769,0.0268,0.2042
9314,0.0433,0.008,0.9486
9315,0.4079,0.0504,0.5417
9316,0.2874,0.0573,0.6554
9317,0.649,0.0525,0.2985
9318,0.4999,0.046,0.4541
9319,0.6895,0.0456,0.265
9320,0.7597,0.0329,0.2075
9321,0.7371,0.033,0.2299
9322,0.7287,0.0244,0.247
9323,0.9007,0.0174,0.0819
9324,0.3162,0.0723,0.6115
9325,0.6563,0.0212,0.3225
9326,0.121,0.0389,0.8402
9327,0.7679,0.0286,0.2035
9328,0.9147,0.0141,0.0711
9329,0.3739,0.0487,0.5774
9330,0.8876,0.0202,0.0922
9331,0.392,0.0561,0.5519
9332,0.7053,0.0413,0.2534
9333,0.6658,0.0326,0.3016
9334,0.6569,0.0303,0.3128
9335,0.8692,0.0236,0.1072
9336,0.0221,0.0123,0.9655
9337,0.5248,0.041,0.4342
9338,0.5228,0.0499,0.4272
9339,0.8536,0.0283,0.1181
9340,0.0401,0.0104,0.9494
9341,0.9144,0.0144,0.0711
9342,0.9164,0.0146,0.069
9343,0.3398,0.0467,0.6136
9344,0.7049,0.0369,0.2581
9345,0.2938,0.0655,0.6407
9346,0.6317,0.0295,0.3388
9347,0.9183,0.014,0.0677
9348,0.0308,0.0088,0.9604
9349,0.4607,0.0624,0.4769
9350,0.9069,0.0181,0.075
9351,0.534,0.067,0.399
9352,0.7259,0.0322,0.2419
9353,0.7383,0.0614,0.2004
9354,0.9179,0.0131,0.0691
9355,0.2533,0.0422,0.7045
9356,0.9184,0.014,0.0676
9357,0.4809,0.0406,0.4785
9358,0.2112,0.0367,0.7521
9359,0.9182,0.0146,0.0672
9360,0.7507,0.0249,0.2244
9361,0.5132,0.0609,0.4259
9362,0.6797,0.038,0.2823
9363,0.5032,0.0699,0.4269
9364,0.7427,0.0263,0.231
9365,0.853,0.0294,0.1176
9366,0.1235,0.0409,0.8356
9367,0.7392,0.0323,0.2285
9368,0.0697,0.0136,0.9167
9369,0.8844,0.0219,0.0937
9370,0.7266,0.0328,0.2406
9371,0.882,0.0255,0.0925
9372,0.7109,0.0239,0.2652
9373,0.6858,0.0246,0.2897
9374,0.6943,0.0217,0.2839
9375,0.51,0.0459,0.4441
9376,0.1038,0.0143,0.8818
9377,0.889,0.0222,0.0889
9378,0.8702,0.0266,0.1033
9379,0.2754,0.0607,0.6639
9380,0.6441,0.0469,0.3089
9381,0.1679,0.0627,0.7695
9382,0.0376,0.0087,0.9537
9383,0.8857,0.0194,0.0949
9384,0.5432,0.0881,0.3687
9385,0.9046,0.0191,0.0762
9386,0.2,0.0767,0.7233
9387,0.4726,0.0734,0.454
9388,0.8727,0.0249,0.1023
9389,0.904,0.0132,0.0828
9390,0.9079,0.0156,0.0765
9391,0.9119,0.0165,0.0716
9392,0.7505,0.0245,0.225
9393,0.8898,0.0224,0.0879
9394,0.5848,0.045,0.3701
9395,0.9024,0.0189,0.0787
9396,0.5923,0.0371,0.3706
9397,0.7103,0.0366,0.2532
9398,0.9188,0.0131,0.0681
9399,0.487,0.0514,0.4616
9400,0.7063,0.0381,0.2557
9401,0.2233,0.0488,0.7279
9402,0.6598,0.0294,0.3108
9403,0.8612,0.027,0.1118
9404,0.5363,0.047,0.4167
9405,0.7427,0.0292,0.2281
9406,0.9044,0.0193,0.0763
9407,0.503,0.0512,0.4458
9408,0.9209,0.0156,0.0635
9409,0.4977,0.0645,0.4378
9410,0.5084,0.0366,0.455
9411,0.7316,0.0295,0.2389
9412,0.3783,0.0498,0.5719
9413,0.3984,0.0686,0.533
9414,0.3974,0.0718,0.5308
9415,0.8701,0.0269,0.103
9416,0.9079,0.013,0.0791
9417,0.4863,0.037,0.4767
9418,0.5234,0.0308,0.4458
9419,0.0201,0.0077,0.9722
9420,0.9063,0.0161,0.0775
9421,0.9183,0.0127,0.069
9422,0.9108,0.016,0.0732
9423,0.8546,0.0308,0.1146
9424,0.1653,0.0444,0.7903
9425,0.7188,0.0323,0.2489
9426,0.8684,0.0252,0.1064
9427,0.9015,0.0151,0.0834
9428,0.3245,0.0836,0.5918
9429,0.417,0.0436,0.5393
9430,0.918,0.0136,0.0684
9431,0.8611,0.0196,0.1193
9432,0.7729,0.0278,0.1992
9433,0.0246,0.0094,0.966
9434,0.9015,0.0158,0.0827
9435,0.5228,0.0419,0.4354
9436,0.6268,0.0417,0.3316
9437,0.5235,0.036,0.4406
9438,0.649,0.0235,0.3275
9439,0.3928,0.0387,0.5686
9440,0.1451,0.0527,0.8022
9441,0.6938,0.0236,0.2826
9442,0.8728,0.0174,0.1098
9443,0.8884,0.0205,0.0911
9444,0.0114,0.0059,0.9827
9445,0.3457,0.0597,0.5946
9446,0.6366,0.028,0.3354
9447,0.8759,0.0243,0.0998
9448,0.4045,0.0442,0.5513
9449,0.7212,0.0649,0.2139
9450,0.6432,0.0471,0.3098
9451,0.5403,0.0644,0.3953
9452,0.9172,0.0138,0.069
9453,0.9136,0.0143,0.0721
9454,0.859,0.0193,0.1217
9455,0.5664,0.0471,0.3864
9456,0.9011,0.0177,0.0813
9457,0.6468,0.0374,0.3158
9458,0.6145,0.061,0.3245
9459,0.2829,0.0563,0.6609
9460,0.914,0.0145,0.0716
9461,0.8976,0.0177,0.0847
